{"init":{"appVersion":"1.12.0(369)","logVersion":"1.0.0","os":"iOS","osVersion":"15.3.1","time":1650607431.3515019}}
{"gpsOriginUpdate":{"altitude":0,"latitude":0,"longitude":0,"time":1650607431.351764,"x":0,"y":0,"z":0}}
{"startCapture":{"time":1650607431.376296}}
{"triggerSettings":{"angle":20,"distance":0.10000000149011612,"overlap":0.89999997615814209,"time":1650607431.3763499,"type":"overlap"}}
{"viewSettings":{"cameraObjects":false,"depthPoints":{"enabled":false,"pointsPerFrame":1536},"featurePoints":true,"mesh":{"enabled":false,"wireframe":true},"time":1650607431.3763649,"trajectory":false}}
{"error":{"message":"No features","time":1650607431.5134311}}
{"photoTaken":{"gps":{"altitude":-0.00082679116167128086,"latitude":8.5972748163069219e-08,"longitude":6.6114197272299525e-08},"imageName":"Image_000001","imageQuality":{"exposureDuration":0.01,"exposureOffset":0,"grainIntensity":0.28986120223999023,"medianPixelMovement":0},"intrinsicMatrix":[1678.8355712890625,0,959.5,0,1678.8355712890625,539.5,0,0,1],"rotation":{"pitch":46.708522796630859,"roll":8.3945894241333008,"yaw":-145.12945556640625},"time":1650607431.3195951,"transformMatrix":[-0.87240827083587646,-0.39203706383705139,0.2919086217880249,0.0073536382988095284,-0.10010652989149094,0.727874755859375,0.6783633828163147,-0.00082679116167128086,-0.47841653227806091,0.5625879168510437,-0.67424952983856201,-0.0095624299719929695,0,0,0,1]}}
{"memory":{"footprint":511.14166259765625,"time":1650607431.9708052}}
{"photoTaken":{"gps":{"altitude":-0.010921700857579708,"latitude":-3.3531769345237515e-08,"longitude":3.4834940241619703e-08},"imageName":"Image_000002","imageQuality":{"exposureDuration":0.01,"exposureOffset":0,"grainIntensity":0.33802127838134766,"medianPixelMovement":4.6611700057983398},"intrinsicMatrix":[1685.371826171875,0,959.5,0,1685.371826171875,539.5,0,0,1],"rotation":{"pitch":42.373859405517578,"roll":-1.9741517305374146,"yaw":-146.61300659179688},"time":1650607433.7693982,"transformMatrix":[-0.82170099020004272,-0.40653491020202637,0.39942079782485962,0.0038745608180761337,0.025449370965361595,0.67396533489227295,0.73832452297210693,-0.010921700857579708,-0.5693504810333252,0.61684703826904297,-0.54345190525054932,0.0037296153604984283,0,0,0,1]}}
{"memory":{"footprint":506.93853759765625,"time":1650607433.906882}}
{"photoTaken":{"gps":{"altitude":-0.0085467342287302017,"latitude":3.2130434691395193e-08,"longitude":3.9118334790930541e-08},"imageName":"Image_000003","imageQuality":{"exposureDuration":0.01,"exposureOffset":0,"grainIntensity":0.31227853894233704,"medianPixelMovement":3.5462005138397217},"intrinsicMatrix":[1676.501220703125,0,959.5,0,1676.501220703125,539.5,0,0,1],"rotation":{"pitch":42.696796417236328,"roll":4.5288581848144531,"yaw":-149.32049560546875},"time":1650607434.9192905,"transformMatrix":[-0.8846701979637146,-0.37499883770942688,0.27701041102409363,0.0043509881943464279,-0.058032732456922531,0.67811858654022217,0.73265773057937622,-0.0085467342287302017,-0.46259167790412903,0.63208484649658203,-0.62167352437973022,-0.0035737492144107819,0,0,0,1]}}
{"memory":{"footprint":507.57916259765625,"time":1650607435.1441231}}
{"photoTaken":{"gps":{"altitude":-0.015526831150054932,"latitude":-3.4910586346712318e-08,"longitude":1.6735046248047536e-08},"imageName":"Image_000004","imageQuality":{"exposureDuration":0.01,"exposureOffset":0,"grainIntensity":0.33382073044776917,"medianPixelMovement":15.900646209716797},"intrinsicMatrix":[1676.501220703125,0,959.5,0,1676.501220703125,539.5,0,0,1],"rotation":{"pitch":36.208538055419922,"roll":2.2527289390563965,"yaw":-149.16807556152344},"time":1650607435.0859456,"transformMatrix":[-0.8699115514755249,-0.41353943943977356,0.26877346634864807,0.0018613762222230434,-0.031716059893369675,0.59072589874267578,0.80624872446060181,-0.015526831150054932,-0.49218705296516418,0.69284063577651978,-0.52699512243270874,0.0038829760160297155,0,0,0,0.99999994039535522]}}
{"memory":{"footprint":507.68853759765625,"time":1650607435.258389}}
{"photoTaken":{"gps":{"altitude":-0.023297460749745369,"latitude":-5.8916657837533159e-08,"longitude":4.5101335867447281e-08},"imageName":"Image_000005","imageQuality":{"exposureDuration":0.01,"exposureOffset":0,"grainIntensity":0.31905937194824219,"medianPixelMovement":19.469011306762695},"intrinsicMatrix":[1676.9681396484375,0,959.5,0,1676.9681396484375,539.5,0,0,1],"rotation":{"pitch":31.66124153137207,"roll":-0.082472033798694611,"yaw":-150.46661376953125},"time":1650607435.2026012,"transformMatrix":[-0.86969530582427979,-0.41956606507301331,0.25998947024345398,0.0050164544954895973,0.001225175685249269,0.52489596605300903,0.85116547346115112,-0.023297460749745369,-0.4935876727104187,0.74057310819625854,-0.45598548650741577,0.0065530827268958092,0,0,0,0.99999988079071045]}}
{"memory":{"footprint":507.61041259765625,"time":1650607435.3516741}}
{"photoTaken":{"gps":{"altitude":-0.033675756305456161,"latitude":-1.2280858254614614e-07,"longitude":6.6617792173365206e-08},"imageName":"Image_000006","imageQuality":{"exposureDuration":0.01,"exposureOffset":0,"grainIntensity":0.3100968599319458,"medianPixelMovement":6.9895544052124023},"intrinsicMatrix":[1718.0531005859375,0,959.5,0,1718.0531005859375,539.5,0,0,1],"rotation":{"pitch":25.782621383666992,"roll":-7.1704697608947754,"yaw":-150.47085571289062},"time":1650607435.635896,"transformMatrix":[-0.83654129505157471,-0.44380182027816772,0.32130765914916992,0.0074096466414630413,0.11239594221115112,0.43495798110961914,0.89340841770172119,-0.033675756305456161,-0.53625166416168213,0.78348666429519653,-0.31397873163223267,0.01365954615175724,0,0,0,0.99999994039535522]}}
{"memory":{"footprint":507.40728759765625,"time":1650607435.7829609}}
{"photoTaken":{"gps":{"altitude":-0.034245751798152924,"latitude":-1.2828907416164877e-07,"longitude":9.2025415237866123e-08},"imageName":"Image_000007","imageQuality":{"exposureDuration":0.01,"exposureOffset":0,"grainIntensity":0.30795231461524963,"medianPixelMovement":13.381928443908691},"intrinsicMatrix":[1716.6524658203125,0,959.5,0,1716.6524658203125,539.5,0,0,1],"rotation":{"pitch":25.207204818725586,"roll":-5.3972086906433105,"yaw":-156.08053588867188},"time":1650607435.9192045,"transformMatrix":[-0.89382123947143555,-0.36684229969978333,0.25789523124694824,0.01023564487695694,0.085102811455726624,0.42589303851127625,0.90076220035552979,-0.034245751798152924,-0.4402734637260437,0.82706809043884277,-0.34945297241210938,0.014269120059907436,0,0,0,0.99999994039535522]}}
{"memory":{"footprint":507.42291259765625,"time":1650607436.056881}}
{"photoTaken":{"gps":{"altitude":-0.026920823380351067,"latitude":-9.7233271642169755e-08,"longitude":1.178813192836503e-07},"imageName":"Image_000008","imageQuality":{"exposureDuration":0.01,"exposureOffset":0,"grainIntensity":0.3237910270690918,"medianPixelMovement":17.248735427856445},"intrinsicMatrix":[1716.6524658203125,0,959.5,0,1716.6524658203125,539.5,0,0,1],"rotation":{"pitch":29.124860763549805,"roll":-1.7857736349105835,"yaw":-158.97550964355469},"time":1650607436.0358596,"transformMatrix":[-0.9275323748588562,-0.31340485811233521,0.20362025499343872,0.013111500069499016,0.027222422882914543,0.48671445250511169,0.87313687801361084,-0.026920823380351067,-0.37275025248527527,0.81540572643280029,-0.4429117739200592,0.010814900510013103,0,0,0,0.99999994039535522]}}
{"memory":{"footprint":507.28228759765625,"time":1650607436.1939321}}
{"pauseCapture":{"time":1650607436.470269}}
{"finalizeCapture":{"time":1650607439.4974599}}
{"gpsOriginUpdate":{"longitude":0,"latitude":0,"time":1650607439.5723219,"z":0,"altitude":0,"x":0,"y":0}}
{"photoUpdated":{"gps":{"latitude":9.9772781139437402e-08,"altitude":-0.00082685798406600952,"longitude":4.251855077198606e-08},"rotation":{"pitch":46.708461761474609,"roll":8.3945894241333008,"yaw":-159.60873413085938},"time":1650607439.5728521,"imageName":"Image_000001","transformMatrix":[-0.96431756019592285,-0.23892155289649963,0.1140546053647995,0.0047291815280914307,-0.10010643303394318,0.7278740406036377,0.67836272716522217,-0.00082685798406600952,-0.24509309232234955,0.64274019002914429,-0.72582012414932251,-0.011097356677055359,0,0,0,0.99999994039535522]}}
{"photoUpdated":{"gps":{"longitude":4.1852085397746979e-08,"altitude":-0.010921761393547058,"latitude":-2.4212873790619215e-08},"rotation":{"pitch":42.373844146728516,"roll":-1.9741517305374146,"yaw":-160.47039794921875},"time":1650607439.576566,"imageName":"Image_000002","transformMatrix":[-0.93414795398712158,-0.24696402251720428,0.25763556361198425,0.004655051976442337,0.025449363514780998,0.67396515607833862,0.73832428455352783,-0.010921761393547058,-0.35597699880599976,0.69626104831695557,-0.62329822778701782,0.0026931092143058777,0,0,0,1]}}
{"photoUpdated":{"gps":{"latitude":4.0563981621696371e-08,"altitude":-0.008546784520149231,"longitude":3.028441251631475e-08},"rotation":{"yaw":-163.17788696289062,"roll":4.5288581848144531,"pitch":42.696784973144531},"time":1650607439.5799189,"imageName":"Image_000003","transformMatrix":[-0.96971505880355835,-0.21269628405570984,0.12005339562892914,0.0033684242516756058,-0.058032713830471039,0.67811840772628784,0.73265749216079712,-0.008546784520149231,-0.23724395036697388,0.70350223779678345,-0.66992515325546265,-0.0045117810368537903,0,0,0,1]}}
{"photoUpdated":{"gps":{"longitude":2.4609304957146436e-08,"altitude":-0.015526862815022469,"latitude":-2.9886468939241322e-08},"rotation":{"pitch":36.208526611328125,"roll":2.2527289390563965,"yaw":-163.02545166015625},"time":1650607439.5830159,"imageName":"Image_000004","transformMatrix":[-0.9624742865562439,-0.23556375503540039,0.13473226130008698,0.0027372015174478292,-0.031716048717498779,0.59072571992874146,0.80624848604202271,-0.015526862815022469,-0.26951274275779724,0.77172040939331055,-0.57602959871292114,0.0033241619821637869,0,0,0,0.99999994039535522]}}
{"photoUpdated":{"gps":{"latitude":-4.7176866303470401e-08,"altitude":-0.023297512903809547,"longitude":5.7268402823887576e-08},"rotation":{"pitch":31.661230087280273,"roll":-0.082472033798694611,"yaw":-163.55108642578125},"time":1650607439.5857821,"imageName":"Image_000005","transformMatrix":[-0.95885765552520752,-0.24101690948009491,0.15001027286052704,0.0063697518780827522,0.0012251753360033035,0.52489578723907471,0.85116523504257202,-0.023297512903809547,-0.28388503193855286,0.81633013486862183,-0.50300514698028564,0.0052473102696239948,0,0,0,1]}}
{"photoUpdated":{"gps":{"longitude":9.0635492139759631e-08,"altitude":-0.033675789833068848,"latitude":-1.0632538777421103e-07},"rotation":{"pitch":25.782613754272461,"roll":-7.1704697608947754,"yaw":-162.43858337402344},"time":1650607439.5893281,"imageName":"Image_000006","transformMatrix":[-0.92955642938613892,-0.27169126272201538,0.24921707808971405,0.010081048123538494,0.11239591240882874,0.43495786190032959,0.89340817928314209,-0.033675789833068848,-0.35113021731376648,0.85848450660705566,-0.37378093600273132,0.011826180852949619,0,0,0,0.99999994039535522]}}
{"photoUpdated":{"rotation":{"pitch":25.207170486450195,"roll":-5.3972086906433105,"yaw":-162.45272827148438},"transformMatrix":[-0.93716335296630859,-0.27278229594230652,0.21751724183559418,0.011756082996726036,0.085102707147598267,0.42589250206947327,0.90076106786727905,-0.034245856106281281,-0.3383510410785675,0.86267274618148804,-0.37591686844825745,0.013044950552284718,0,0,0,0.99999994039535522],"imageName":"Image_000007","gps":{"altitude":-0.034245856106281281,"latitude":-1.1728294351891986e-07,"longitude":1.0569519742397265e-07},"time":1650607439.5920649}}
{"photoUpdated":{"rotation":{"pitch":29.124855041503906,"yaw":-163.43594360351562,"roll":-1.7857736349105835},"transformMatrix":[-0.95371156930923462,-0.24904096126556396,0.16855795681476593,0.013912862166762352,0.027222419157624245,0.48671439290046692,0.87313675880432129,-0.026920825242996216,-0.29948639869689941,0.83730930089950562,-0.45740571618080139,0.0097624892368912697,0,0,0,0.99999994039535522],"imageName":"Image_000008","gps":{"latitude":-8.7771382272768718e-08,"altitude":-0.026920825242996216,"longitude":1.250860892031587e-07},"time":1650607439.595084}}
{"geoFitApply":{"cameraOffset":{"x":0,"y":0,"z":0},"time":1650607439.769026,"type":"gps"}}
{"geoFitLog":{"message":"GeoFit\nImages,8\nLocations,1\nCameraOffset,0,0,0\nOrigin,0,0,0,0,0,0\nForceTryFit,true\n","time":1650607439.7691479}}
{"geoFitLog":{"message":"Rigid fit could not be computed due to bad accuracy","time":1650607439.769156}}
{"photoUpdatedGeoFit":{"gps":{"altitude":-0.00082685798406600952,"latitude":9.9772781139437402e-08,"longitude":4.251855077198606e-08,"xyAccuracy":0.10000000000000001,"zAccuracy":0.10000000000000001},"imageName":"Image_000001.jpg","rotation":{"pitch":46.708461761474609,"roll":8.3945894241333008,"yaw":-159.60873413085938},"time":1650607439.8092852,"transformMatrix":[-0.96431756019592285,-0.23892155289649963,0.1140546053647995,0.0047291815280914307,-0.10010643303394318,0.7278740406036377,0.67836272716522217,-0.00082685798406600952,-0.24509309232234955,0.64274019002914429,-0.72582012414932251,-0.011097356677055359,0,0,0,0.99999994039535522]}}
{"photoUpdatedGeoFit":{"gps":{"altitude":-0.010921761393547058,"latitude":-2.4212873790619215e-08,"longitude":4.1852085397746979e-08,"xyAccuracy":0.10000000000000001,"zAccuracy":0.10000000000000001},"imageName":"Image_000002.jpg","rotation":{"pitch":42.373844146728516,"roll":-1.9741517305374146,"yaw":-160.47039794921875},"time":1650607439.8244109,"transformMatrix":[-0.93414795398712158,-0.24696402251720428,0.25763556361198425,0.004655051976442337,0.025449363514780998,0.67396515607833862,0.73832428455352783,-0.010921761393547058,-0.35597699880599976,0.69626104831695557,-0.62329822778701782,0.0026931092143058777,0,0,0,1]}}
{"photoUpdatedGeoFit":{"gps":{"altitude":-0.008546784520149231,"latitude":4.0563981621696371e-08,"longitude":3.028441251631475e-08,"xyAccuracy":0.10000000000000001,"zAccuracy":0.10000000000000001},"imageName":"Image_000003.jpg","rotation":{"pitch":42.696784973144531,"roll":4.5288581848144531,"yaw":-163.17788696289062},"time":1650607439.8350129,"transformMatrix":[-0.96971505880355835,-0.21269628405570984,0.12005339562892914,0.0033684242516756058,-0.058032713830471039,0.67811840772628784,0.73265749216079712,-0.008546784520149231,-0.23724395036697388,0.70350223779678345,-0.66992515325546265,-0.0045117810368537903,0,0,0,1]}}
{"photoUpdatedGeoFit":{"gps":{"altitude":-0.015526862815022469,"latitude":-2.9886468939241322e-08,"longitude":2.4609304957146436e-08,"xyAccuracy":0.10000000000000001,"zAccuracy":0.10000000000000001},"imageName":"Image_000004.jpg","rotation":{"pitch":36.208526611328125,"roll":2.2527289390563965,"yaw":-163.02545166015625},"time":1650607439.8495951,"transformMatrix":[-0.9624742865562439,-0.23556375503540039,0.13473226130008698,0.0027372015174478292,-0.031716048717498779,0.59072571992874146,0.80624848604202271,-0.015526862815022469,-0.26951274275779724,0.77172040939331055,-0.57602959871292114,0.0033241619821637869,0,0,0,0.99999994039535522]}}
{"photoUpdatedGeoFit":{"gps":{"altitude":-0.023297512903809547,"latitude":-4.7176866303470401e-08,"longitude":5.7268402823887576e-08,"xyAccuracy":0.10000000000000001,"zAccuracy":0.10000000000000001},"imageName":"Image_000005.jpg","rotation":{"pitch":31.661230087280273,"roll":-0.082472033798694611,"yaw":-163.55108642578125},"time":1650607439.860702,"transformMatrix":[-0.95885765552520752,-0.24101690948009491,0.15001027286052704,0.0063697518780827522,0.0012251753360033035,0.52489578723907471,0.85116523504257202,-0.023297512903809547,-0.28388503193855286,0.81633013486862183,-0.50300514698028564,0.0052473102696239948,0,0,0,1]}}
{"photoUpdatedGeoFit":{"gps":{"altitude":-0.033675789833068848,"latitude":-1.0632538777421103e-07,"longitude":9.0635492139759631e-08,"xyAccuracy":0.10000000000000001,"zAccuracy":0.10000000000000001},"imageName":"Image_000006.jpg","rotation":{"pitch":25.782613754272461,"roll":-7.1704697608947754,"yaw":-162.43858337402344},"time":1650607439.872098,"transformMatrix":[-0.92955642938613892,-0.27169126272201538,0.24921707808971405,0.010081048123538494,0.11239591240882874,0.43495786190032959,0.89340817928314209,-0.033675789833068848,-0.35113021731376648,0.85848450660705566,-0.37378093600273132,0.011826180852949619,0,0,0,0.99999994039535522]}}
{"photoUpdatedGeoFit":{"gps":{"altitude":-0.034245856106281281,"latitude":-1.1728294351891986e-07,"longitude":1.0569519742397265e-07,"xyAccuracy":0.10000000000000001,"zAccuracy":0.10000000000000001},"imageName":"Image_000007.jpg","rotation":{"pitch":25.207170486450195,"roll":-5.3972086906433105,"yaw":-162.45272827148438},"time":1650607439.8826771,"transformMatrix":[-0.93716335296630859,-0.27278229594230652,0.21751724183559418,0.011756082996726036,0.085102707147598267,0.42589250206947327,0.90076106786727905,-0.034245856106281281,-0.3383510410785675,0.86267274618148804,-0.37591686844825745,0.013044950552284718,0,0,0,0.99999994039535522]}}
{"photoUpdatedGeoFit":{"gps":{"altitude":-0.026920825242996216,"latitude":-8.7771382272768718e-08,"longitude":1.250860892031587e-07,"xyAccuracy":0.10000000000000001,"zAccuracy":0.10000000000000001},"imageName":"Image_000008.jpg","rotation":{"pitch":29.124855041503906,"roll":-1.7857736349105835,"yaw":-163.43594360351562},"time":1650607439.895081,"transformMatrix":[-0.95371156930923462,-0.24904096126556396,0.16855795681476593,0.013912862166762352,0.027222419157624245,0.48671439290046692,0.87313675880432129,-0.026920825242996216,-0.29948639869689941,0.83730930089950562,-0.45740571618080139,0.0097624892368912697,0,0,0,0.99999994039535522]}}
